node1ID node2ID branchID x1 y1 z1 x2 y2 z2 radius length R G B time type 
0 1 0 0.0000 0.0000 -3.0000 0.3149 0.3201 -3.0919 0.1058 0.4584 0.0000 0.0000 205.0000 0.1697 1.0000 
1 2 0 0.3149 0.3201 -3.0919 0.6587 0.6884 -3.1647 0.1058 0.5090 0.0000 0.0000 205.0000 0.3587 1.0000 
2 3 0 0.6587 0.6884 -3.1647 0.9678 1.0315 -3.2527 0.1058 0.4701 0.0000 0.0000 205.0000 0.5337 1.0000 
3 4 0 0.9678 1.0315 -3.2527 1.3160 1.4156 -3.3532 0.1058 0.5281 0.0000 0.0000 205.0000 0.7309 1.0000 
4 5 0 1.3160 1.4156 -3.3532 1.6485 1.7824 -3.4491 0.1058 0.5043 0.0000 0.0000 205.0000 0.9197 1.0000 
5 6 0 1.6485 1.7824 -3.4491 2.0010 2.1891 -3.5659 0.1058 0.5507 0.0000 0.0000 205.0000 1.1265 1.0000 
6 7 0 2.0010 2.1891 -3.5659 2.2783 2.5524 -3.6753 0.1058 0.4699 0.0000 0.0000 205.0000 1.3035 1.0000 
7 8 0 2.2783 2.5524 -3.6753 2.6379 2.9801 -3.8111 0.1058 0.5750 0.0000 0.0000 205.0000 1.5207 1.0000 
8 9 0 2.6379 2.9801 -3.8111 3.0078 3.3523 -3.9354 0.1058 0.5393 0.0000 0.0000 205.0000 1.7251 1.0000 
9 10 0 3.0078 3.3523 -3.9354 3.3676 3.7226 -4.0967 0.1058 0.5410 0.0000 0.0000 205.0000 1.9307 1.0000 
10 11 0 3.3676 3.7226 -4.0967 3.6857 4.0139 -4.2312 0.1058 0.4517 0.0000 0.0000 205.0000 2.1030 1.0000 
11 12 0 3.6857 4.0139 -4.2312 4.0402 4.3831 -4.3665 0.1058 0.5294 0.0000 0.0000 205.0000 2.3054 1.0000 
12 13 0 4.0402 4.3831 -4.3665 4.4185 4.7210 -4.5026 0.1058 0.5252 0.0000 0.0000 205.0000 2.5068 1.0000 
13 14 0 4.4185 4.7210 -4.5026 4.7083 4.9646 -4.6486 0.1058 0.4057 0.0000 0.0000 205.0000 2.6628 1.0000 
14 15 0 4.7083 4.9646 -4.6486 5.0858 5.2612 -4.8315 0.1058 0.5138 0.0000 0.0000 205.0000 2.8609 1.0000 
15 16 0 5.0858 5.2612 -4.8315 5.5501 5.6247 -5.0533 0.1058 0.6300 0.0000 0.0000 205.0000 3.1046 1.0000 
16 17 0 5.5501 5.6247 -5.0533 5.9951 5.9418 -5.2245 0.1058 0.5725 0.0000 0.0000 205.0000 3.3269 1.0000 
17 18 0 5.9951 5.9418 -5.2245 6.3906 6.2242 -5.4061 0.1058 0.5189 0.0000 0.0000 205.0000 3.5290 1.0000 
18 19 0 6.3906 6.2242 -5.4061 6.7390 6.4939 -5.5863 0.1058 0.4760 0.0000 0.0000 205.0000 3.7149 1.0000 
19 20 0 6.7390 6.4939 -5.5863 7.1003 6.7574 -5.7848 0.1058 0.4893 0.0000 0.0000 205.0000 3.9066 1.0000 
20 21 0 7.1003 6.7574 -5.7848 7.4711 7.0104 -6.0008 0.1058 0.4982 0.0000 0.0000 205.0000 4.1023 1.0000 
21 22 0 7.4711 7.0104 -6.0008 7.8541 7.2031 -6.2240 0.1058 0.4833 0.0000 0.0000 205.0000 4.2928 1.0000 
22 23 0 7.8541 7.2031 -6.2240 8.2497 7.4033 -6.4654 0.1058 0.5048 0.0000 0.0000 205.0000 4.4923 1.0000 
23 24 0 8.2497 7.4033 -6.4654 8.6871 7.6270 -6.7358 0.1058 0.5608 0.0000 0.0000 205.0000 4.7147 1.0000 
24 25 0 8.6871 7.6270 -6.7358 9.1351 7.8262 -6.9817 0.1058 0.5485 0.0000 0.0000 205.0000 4.9328 1.0000 
25 26 0 9.1351 7.8262 -6.9817 9.5702 8.0025 -7.2649 0.1058 0.5482 0.0000 0.0000 205.0000 5.1517 1.0000 
26 27 0 9.5702 8.0025 -7.2649 9.9297 8.1395 -7.4967 0.1058 0.4491 0.0000 0.0000 205.0000 5.3314 1.0000 
27 28 0 9.9297 8.1395 -7.4967 10.2970 8.2739 -7.7332 0.1058 0.4571 0.0000 0.0000 205.0000 5.5150 1.0000 
28 29 0 10.2970 8.2739 -7.7332 10.6707 8.4076 -7.9691 0.1058 0.4617 0.0000 0.0000 205.0000 5.7008 1.0000 
29 30 0 10.6707 8.4076 -7.9691 11.0191 8.5594 -8.1924 0.1058 0.4408 0.0000 0.0000 205.0000 5.8788 1.0000 
30 31 0 11.0191 8.5594 -8.1924 11.4153 8.7380 -8.4701 0.1058 0.5157 0.0000 0.0000 205.0000 6.0875 1.0000 
31 32 0 11.4153 8.7380 -8.4701 11.7738 8.9275 -8.7638 0.1058 0.5007 0.0000 0.0000 205.0000 6.2909 1.0000 
32 33 0 11.7738 8.9275 -8.7638 12.1244 9.1339 -9.0730 0.1058 0.5110 0.0000 0.0000 205.0000 6.4990 1.0000 
33 34 0 12.1244 9.1339 -9.0730 12.4350 9.3136 -9.3942 0.1058 0.4816 0.0000 0.0000 205.0000 6.6958 1.0000 
34 35 0 12.4350 9.3136 -9.3942 12.7480 9.4832 -9.7710 0.1058 0.5184 0.0000 0.0000 205.0000 6.9083 1.0000 
35 36 0 12.7480 9.4832 -9.7710 13.0145 9.6726 -10.1115 0.1058 0.4721 0.0000 0.0000 205.0000 7.1024 1.0000 
36 37 0 13.0145 9.6726 -10.1115 13.2961 9.8598 -10.4862 0.1058 0.5047 0.0000 0.0000 205.0000 7.3106 1.0000 
37 38 0 13.2961 9.8598 -10.4862 13.6316 10.0241 -10.8957 0.1058 0.5543 0.0000 0.0000 205.0000 7.5399 1.0000 
38 39 0 13.6316 10.0241 -10.8957 13.8747 10.1611 -11.2054 0.1058 0.4168 0.0000 0.0000 205.0000 7.7129 1.0000 
39 40 0 13.8747 10.1611 -11.2054 14.2232 10.3567 -11.6305 0.1058 0.5835 0.0000 0.0000 205.0000 7.9559 1.0000 
40 41 0 14.2232 10.3567 -11.6305 14.5177 10.5184 -11.9802 0.1058 0.4849 0.0000 0.0000 205.0000 8.1585 1.0000 
41 42 0 14.5177 10.5184 -11.9802 14.8263 10.6879 -12.3406 0.1058 0.5039 0.0000 0.0000 205.0000 8.3696 1.0000 
42 43 0 14.8263 10.6879 -12.3406 15.1045 10.8410 -12.6656 0.1058 0.4543 0.0000 0.0000 205.0000 8.5606 1.0000 
43 44 0 15.1045 10.8410 -12.6656 15.3381 10.9632 -12.9767 0.1058 0.4078 0.0000 0.0000 205.0000 8.7325 1.0000 
44 45 0 15.3381 10.9632 -12.9767 15.5780 11.0722 -13.3258 0.1058 0.4374 0.0000 0.0000 205.0000 8.9174 1.0000 
45 46 0 15.5780 11.0722 -13.3258 15.7730 11.1845 -13.6789 0.1058 0.4187 0.0000 0.0000 205.0000 9.0949 1.0000 
46 47 0 15.7730 11.1845 -13.6789 16.0095 11.3330 -14.1073 0.1058 0.5113 0.0000 0.0000 205.0000 9.3122 1.0000 
47 48 0 16.0095 11.3330 -14.1073 16.2741 11.4464 -14.5953 0.1058 0.5666 0.0000 0.0000 205.0000 9.5539 1.0000 
48 49 0 16.2741 11.4464 -14.5953 16.5202 11.5156 -15.0722 0.1058 0.5411 0.0000 0.0000 205.0000 9.7856 1.0000 
49 50 0 16.5202 11.5156 -15.0722 16.7321 11.5739 -15.4888 0.1058 0.4710 0.0000 0.0000 205.0000 9.9878 1.0000 
50 51 0 16.7321 11.5739 -15.4888 16.7449 11.5767 -15.5138 0.1058 0.0282 0.0000 0.0000 205.0000 10.0000 1.0000 
51 52 6 0.3149 0.3201 -3.0919 0.5354 -0.2298 -3.8975 0.0449 1.0000 238.0000 23.8000 0.0000 7.9088 2.0000 
52 53 6 0.5354 -0.2298 -3.8975 0.8421 -0.7612 -4.6872 0.0449 1.0000 238.0000 23.8000 0.0000 9.3834 2.0000 
53 54 6 0.8421 -0.7612 -4.6872 0.9466 -0.9562 -4.9961 0.0449 0.3800 238.0000 23.8000 0.0000 10.0000 2.0000 
54 55 7 0.6587 0.6884 -3.1647 0.2919 0.8810 -4.0749 0.0449 1.0000 238.0000 23.8000 0.0000 8.3404 2.0000 
55 56 7 0.2919 0.8810 -4.0749 -0.0618 1.0680 -4.9594 0.0449 0.9708 238.0000 23.8000 0.0000 10.0000 2.0000 
56 57 8 0.9678 1.0315 -3.2527 0.9982 1.4203 -2.3319 0.0456 1.0000 238.0000 23.8000 0.0000 8.6010 2.0000 
57 58 8 0.9982 1.4203 -2.3319 1.0323 1.7917 -1.6230 0.0456 0.8010 238.0000 23.8000 0.0000 10.0000 2.0000 
58 59 9 1.3160 1.4156 -3.3532 1.2242 1.0393 -4.2751 0.0480 1.0000 238.0000 23.8000 0.0000 8.5180 2.0000 
59 60 9 1.2242 1.0393 -4.2751 1.1221 0.5638 -5.1489 0.0480 1.0000 238.0000 23.8000 0.0000 9.9817 2.0000 
60 61 9 1.1221 0.5638 -5.1489 1.1209 0.5583 -5.1591 0.0480 0.0117 238.0000 23.8000 0.0000 10.0000 2.0000 
61 62 10 1.6485 1.7824 -3.4491 1.9561 1.7661 -2.4978 0.0529 1.0000 238.0000 23.8000 0.0000 8.9417 2.0000 
62 63 10 1.9561 1.7661 -2.4978 2.1399 1.7535 -1.8894 0.0529 0.6356 238.0000 23.8000 0.0000 10.0000 2.0000 
63 64 11 2.0010 2.1891 -3.5659 2.3299 1.9180 -4.4706 0.0551 1.0000 238.0000 23.8000 0.0000 8.9634 2.0000 
64 65 11 2.3299 1.9180 -4.4706 2.5249 1.6527 -5.1164 0.0551 0.7249 238.0000 23.8000 0.0000 10.0000 2.0000 
65 66 12 2.2783 2.5524 -3.6753 2.3578 2.0986 -4.5629 0.0497 1.0000 238.0000 23.8000 0.0000 9.4954 2.0000 
66 67 12 2.3578 2.0986 -4.5629 2.3915 1.9707 -4.8158 0.0497 0.2854 238.0000 23.8000 0.0000 10.0000 2.0000 
67 68 13 2.6379 2.9801 -3.8111 2.8471 3.2003 -2.8583 0.0580 1.0000 238.0000 23.8000 0.0000 9.6574 2.0000 
68 69 13 2.8471 3.2003 -2.8583 2.8883 3.2485 -2.6608 0.0580 0.2075 238.0000 23.8000 0.0000 10.0000 2.0000 
69 70 14 3.0078 3.3523 -3.9354 2.5090 3.5070 -4.7882 0.0541 1.0000 238.0000 23.8000 0.0000 9.8989 2.0000 
70 71 14 2.5090 3.5070 -4.7882 2.4794 3.5167 -4.8410 0.0541 0.0613 238.0000 23.8000 0.0000 10.0000 2.0000 
71 72 15 3.3676 3.7226 -4.0967 3.2684 4.1325 -3.1900 0.0496 1.0000 238.0000 23.8000 0.0000 9.8021 2.0000 
72 73 15 3.2684 4.1325 -3.1900 3.2564 4.1949 -3.0562 0.0496 0.1480 238.0000 23.8000 0.0000 10.0000 2.0000 
73 74 16 3.6857 4.0139 -4.2312 4.4962 3.6611 -3.9098 0.0480 0.9406 238.0000 23.8000 0.0000 10.0000 2.0000 
74 75 17 4.0402 4.3831 -4.3665 3.6713 4.4589 -4.9030 0.0513 0.6555 238.0000 23.8000 0.0000 10.0000 2.0000 
75 76 18 4.4185 4.7210 -4.5026 4.4144 4.8191 -4.0171 0.0502 0.4953 238.0000 23.8000 0.0000 10.0000 2.0000 
76 77 19 4.7083 4.9646 -4.6486 5.0437 4.7058 -4.5313 0.0513 0.4396 238.0000 23.8000 0.0000 10.0000 2.0000 
77 78 20 5.0858 5.2612 -4.8315 5.2989 5.0980 -4.6477 0.0483 0.3254 238.0000 23.8000 0.0000 10.0000 2.0000 
78 79 21 5.5501 5.6247 -5.0533 5.5826 5.5510 -5.1030 0.0500 0.0947 238.0000 23.8000 0.0000 10.0000 2.0000 
79 80 1 0.0000 0.0000 -2.9000 0.2689 0.3914 -3.0611 0.1256 0.5015 0.0000 0.0000 205.0000 0.1669 4.0000 
80 81 1 0.2689 0.3914 -3.0611 0.5533 0.8321 -3.2047 0.1256 0.5438 0.0000 0.0000 205.0000 0.3484 4.0000 
81 82 1 0.5533 0.8321 -3.2047 0.7789 1.1947 -3.3421 0.1256 0.4486 0.0000 0.0000 205.0000 0.4986 4.0000 
82 83 1 0.7789 1.1947 -3.3421 1.0557 1.6360 -3.5118 0.1256 0.5479 0.0000 0.0000 205.0000 0.6825 4.0000 
83 84 1 1.0557 1.6360 -3.5118 1.3129 2.0462 -3.6693 0.1256 0.5091 0.0000 0.0000 205.0000 0.8540 4.0000 
84 85 1 1.3129 2.0462 -3.6693 1.5899 2.5115 -3.8595 0.1256 0.5740 0.0000 0.0000 205.0000 1.0478 4.0000 
85 86 1 1.5899 2.5115 -3.8595 1.7933 2.9096 -4.0277 0.1256 0.4776 0.0000 0.0000 205.0000 1.2096 4.0000 
86 87 1 1.7933 2.9096 -4.0277 2.0602 3.3747 -4.2313 0.1256 0.5736 0.0000 0.0000 205.0000 1.4046 4.0000 
87 88 1 2.0602 3.3747 -4.2313 2.3052 3.7320 -4.3928 0.1256 0.4623 0.0000 0.0000 205.0000 1.5622 4.0000 
88 89 1 2.3052 3.7320 -4.3928 2.5338 4.0726 -4.5765 0.1256 0.4495 0.0000 0.0000 205.0000 1.7158 4.0000 
89 90 1 2.5338 4.0726 -4.5765 2.8200 4.4442 -4.7866 0.1256 0.5140 0.0000 0.0000 205.0000 1.8920 4.0000 
90 91 1 2.8200 4.4442 -4.7866 3.0673 4.8252 -4.9879 0.1256 0.4968 0.0000 0.0000 205.0000 2.0628 4.0000 
91 92 1 3.0673 4.8252 -4.9879 3.3024 5.1353 -5.1612 0.1256 0.4259 0.0000 0.0000 205.0000 2.2096 4.0000 
92 93 1 3.3024 5.1353 -5.1612 3.5676 5.5058 -5.4295 0.1256 0.5288 0.0000 0.0000 205.0000 2.3924 4.0000 
93 94 1 3.5676 5.5058 -5.4295 3.8198 5.8406 -5.6645 0.1256 0.4805 0.0000 0.0000 205.0000 2.5590 4.0000 
94 95 1 3.8198 5.8406 -5.6645 4.0238 6.1652 -5.8809 0.1256 0.4403 0.0000 0.0000 205.0000 2.7120 4.0000 
95 96 1 4.0238 6.1652 -5.8809 4.2443 6.5112 -6.0797 0.1256 0.4560 0.0000 0.0000 205.0000 2.8710 4.0000 
96 97 1 4.2443 6.5112 -6.0797 4.4869 6.8703 -6.3154 0.1256 0.4933 0.0000 0.0000 205.0000 3.0434 4.0000 
97 98 1 4.4869 6.8703 -6.3154 4.7202 7.2286 -6.5742 0.1256 0.4999 0.0000 0.0000 205.0000 3.2187 4.0000 
98 99 1 4.7202 7.2286 -6.5742 4.9226 7.5686 -6.8326 0.1256 0.4725 0.0000 0.0000 205.0000 3.3848 4.0000 
99 100 1 4.9226 7.5686 -6.8326 5.0869 7.8875 -7.1004 0.1256 0.4477 0.0000 0.0000 205.0000 3.5426 4.0000 
100 101 1 5.0869 7.8875 -7.1004 5.2866 8.3137 -7.4303 0.1256 0.5748 0.0000 0.0000 205.0000 3.7459 4.0000 
101 102 1 5.2866 8.3137 -7.4303 5.4782 8.7131 -7.7527 0.1256 0.5479 0.0000 0.0000 205.0000 3.9404 4.0000 
102 103 1 5.4782 8.7131 -7.7527 5.6448 9.0615 -8.0371 0.1256 0.4796 0.0000 0.0000 205.0000 4.1111 4.0000 
103 104 1 5.6448 9.0615 -8.0371 5.8411 9.4819 -8.3482 0.1256 0.5586 0.0000 0.0000 205.0000 4.3106 4.0000 
104 105 1 5.8411 9.4819 -8.3482 6.0221 9.8087 -8.6280 0.1256 0.4667 0.0000 0.0000 205.0000 4.4778 4.0000 
105 106 1 6.0221 9.8087 -8.6280 6.2470 10.1954 -8.9557 0.1256 0.5546 0.0000 0.0000 205.0000 4.6771 4.0000 
106 107 1 6.2470 10.1954 -8.9557 6.4339 10.5071 -9.2195 0.1256 0.4491 0.0000 0.0000 205.0000 4.8390 4.0000 
107 108 1 6.4339 10.5071 -9.2195 6.6207 10.8174 -9.4774 0.1256 0.4446 0.0000 0.0000 205.0000 4.9998 4.0000 
108 109 1 6.6207 10.8174 -9.4774 6.7922 11.1516 -9.7590 0.1256 0.4695 0.0000 0.0000 205.0000 5.1700 4.0000 
109 110 1 6.7922 11.1516 -9.7590 6.9838 11.5145 -10.0921 0.1256 0.5286 0.0000 0.0000 205.0000 5.3622 4.0000 
110 111 1 6.9838 11.5145 -10.0921 7.1535 11.8487 -10.4481 0.1256 0.5169 0.0000 0.0000 205.0000 5.5508 4.0000 
111 112 1 7.1535 11.8487 -10.4481 7.2899 12.1136 -10.7364 0.1256 0.4146 0.0000 0.0000 205.0000 5.7024 4.0000 
112 113 1 7.2899 12.1136 -10.7364 7.4219 12.4131 -11.1003 0.1256 0.4894 0.0000 0.0000 205.0000 5.8820 4.0000 
113 114 1 7.4219 12.4131 -11.1003 7.5272 12.6960 -11.4913 0.1256 0.4939 0.0000 0.0000 205.0000 6.0638 4.0000 
114 115 1 7.5272 12.6960 -11.4913 7.6158 13.0230 -11.8755 0.1256 0.5123 0.0000 0.0000 205.0000 6.2530 4.0000 
115 116 1 7.6158 13.0230 -11.8755 7.7021 13.3541 -12.2947 0.1256 0.5411 0.0000 0.0000 205.0000 6.4534 4.0000 
116 117 1 7.7021 13.3541 -12.2947 7.8165 13.6557 -12.7414 0.1256 0.5509 0.0000 0.0000 205.0000 6.6582 4.0000 
117 118 1 7.8165 13.6557 -12.7414 7.8999 13.9186 -13.1044 0.1256 0.4559 0.0000 0.0000 205.0000 6.8283 4.0000 
118 119 1 7.8999 13.9186 -13.1044 7.9992 14.2077 -13.4961 0.1256 0.4969 0.0000 0.0000 205.0000 7.0141 4.0000 
119 120 1 7.9992 14.2077 -13.4961 8.0948 14.4698 -13.8512 0.1256 0.4516 0.0000 0.0000 205.0000 7.1836 4.0000 
120 121 1 8.0948 14.4698 -13.8512 8.1885 14.7574 -14.1814 0.1256 0.4478 0.0000 0.0000 205.0000 7.3521 4.0000 
121 122 1 8.1885 14.7574 -14.1814 8.2937 15.0712 -14.5385 0.1256 0.4869 0.0000 0.0000 205.0000 7.5358 4.0000 
122 123 1 8.2937 15.0712 -14.5385 8.3819 15.3489 -14.8579 0.1256 0.4322 0.0000 0.0000 205.0000 7.6995 4.0000 
123 124 1 8.3819 15.3489 -14.8579 8.5372 15.6208 -15.2441 0.1256 0.4973 0.0000 0.0000 205.0000 7.8883 4.0000 
124 125 1 8.5372 15.6208 -15.2441 8.7504 15.8788 -15.7011 0.1256 0.5664 0.0000 0.0000 205.0000 8.1041 4.0000 
125 126 1 8.7504 15.8788 -15.7011 8.9133 16.0931 -16.1461 0.1256 0.5201 0.0000 0.0000 205.0000 8.3029 4.0000 
126 127 1 8.9133 16.0931 -16.1461 9.0536 16.2742 -16.5246 0.1256 0.4424 0.0000 0.0000 205.0000 8.4726 4.0000 
127 128 1 9.0536 16.2742 -16.5246 9.2264 16.4925 -16.9981 0.1256 0.5493 0.0000 0.0000 205.0000 8.6840 4.0000 
128 129 1 9.2264 16.4925 -16.9981 9.3511 16.6639 -17.3917 0.1256 0.4471 0.0000 0.0000 205.0000 8.8566 4.0000 
129 130 1 9.3511 16.6639 -17.3917 9.4867 16.8284 -17.7866 0.1256 0.4488 0.0000 0.0000 205.0000 9.0304 4.0000 
130 131 1 9.4867 16.8284 -17.7866 9.6547 17.0615 -18.2900 0.1256 0.5796 0.0000 0.0000 205.0000 9.2556 4.0000 
131 132 1 9.6547 17.0615 -18.2900 9.8043 17.2102 -18.7459 0.1256 0.5024 0.0000 0.0000 205.0000 9.4515 4.0000 
132 133 1 9.8043 17.2102 -18.7459 9.9877 17.3531 -19.2352 0.1256 0.5417 0.0000 0.0000 205.0000 9.6635 4.0000 
133 134 1 9.9877 17.3531 -19.2352 10.1604 17.4865 -19.7668 0.1256 0.5746 0.0000 0.0000 205.0000 9.8892 4.0000 
134 135 1 10.1604 17.4865 -19.7668 10.2350 17.5443 -20.0319 0.1256 0.2814 0.0000 0.0000 205.0000 10.0000 4.0000 
135 136 56 0.2689 0.3914 -3.0611 -0.0593 1.1274 -2.4690 0.0443 1.0000 238.0000 23.8000 0.0000 7.3204 2.0000 
136 137 56 -0.0593 1.1274 -2.4690 -0.3699 1.8566 -1.8593 0.0443 1.0000 238.0000 23.8000 0.0000 8.9963 2.0000 
137 138 56 -0.3699 1.8566 -1.8593 -0.5351 2.2458 -1.5258 0.0443 0.5384 238.0000 23.8000 0.0000 10.0000 2.0000 
138 139 57 0.5533 0.8321 -3.2047 1.3968 0.3347 -3.4075 0.0448 1.0000 238.0000 23.8000 0.0000 7.5009 2.0000 
139 140 57 1.3968 0.3347 -3.4075 2.2390 -0.1756 -3.5812 0.0448 1.0000 238.0000 23.8000 0.0000 9.1288 2.0000 
140 141 57 2.2390 -0.1756 -3.5812 2.6651 -0.3995 -3.6724 0.0448 0.4898 238.0000 23.8000 0.0000 10.0000 2.0000 
141 142 58 0.7789 1.1947 -3.3421 1.4927 1.0358 -2.6601 0.0482 1.0000 238.0000 23.8000 0.0000 7.4620 2.0000 
142 143 58 1.4927 1.0358 -2.6601 2.1975 0.9378 -1.9574 0.0482 1.0000 238.0000 23.8000 0.0000 8.8510 2.0000 
143 144 58 2.1975 0.9378 -1.9574 2.7363 0.8429 -1.4434 0.0482 0.7507 238.0000 23.8000 0.0000 10.0000 2.0000 
144 145 59 1.0557 1.6360 -3.5118 0.2283 2.1646 -3.3217 0.0433 1.0000 238.0000 23.8000 0.0000 8.0198 2.0000 
145 146 59 0.2283 2.1646 -3.3217 -0.5986 2.6817 -3.1011 0.0433 1.0000 238.0000 23.8000 0.0000 9.8280 2.0000 
146 147 59 -0.5986 2.6817 -3.1011 -0.6723 2.7277 -3.0820 0.0433 0.0889 238.0000 23.8000 0.0000 10.0000 2.0000 
147 148 60 1.3129 2.0462 -3.6693 0.6938 2.7108 -3.2509 0.0493 1.0000 238.0000 23.8000 0.0000 7.7639 2.0000 
148 149 60 0.6938 2.7108 -3.2509 0.0524 3.3652 -2.8503 0.0493 1.0000 238.0000 23.8000 0.0000 9.0696 2.0000 
149 150 60 0.0524 3.3652 -2.8503 -0.2966 3.8488 -2.6107 0.0493 0.6428 238.0000 23.8000 0.0000 10.0000 2.0000 
150 151 61 1.5899 2.5115 -3.8595 1.8630 3.0310 -3.0498 0.0525 1.0000 238.0000 23.8000 0.0000 8.2514 2.0000 
151 152 61 1.8630 3.0310 -3.0498 2.2429 3.5144 -2.2612 0.0525 1.0000 238.0000 23.8000 0.0000 9.8894 2.0000 
152 153 61 2.2429 3.5144 -2.2612 2.2678 3.5445 -2.2121 0.0525 0.0627 238.0000 23.8000 0.0000 10.0000 2.0000 
153 154 62 1.7933 2.9096 -4.0277 1.2276 3.5157 -3.4685 0.0521 1.0000 238.0000 23.8000 0.0000 8.5605 2.0000 
154 155 62 1.2276 3.5157 -3.4685 0.6938 3.9669 -3.0364 0.0521 0.8217 238.0000 23.8000 0.0000 10.0000 2.0000 
155 156 63 2.0602 3.3747 -4.2313 2.6764 2.9122 -4.8687 0.0464 1.0000 238.0000 23.8000 0.0000 8.4516 2.0000 
156 157 63 2.6764 2.9122 -4.8687 3.2769 2.4461 -5.5184 0.0464 1.0000 238.0000 23.8000 0.0000 9.8624 2.0000 
157 158 63 3.2769 2.4461 -5.5184 3.3294 2.4035 -5.5789 0.0464 0.0906 238.0000 23.8000 0.0000 10.0000 2.0000 
158 159 64 2.3052 3.7320 -4.3928 2.9777 3.2493 -4.9538 0.0435 1.0000 238.0000 23.8000 0.0000 8.6626 2.0000 
159 160 64 2.9777 3.2493 -4.9538 3.5376 2.7417 -5.4929 0.0435 0.9283 238.0000 23.8000 0.0000 10.0000 2.0000 
160 161 65 2.5338 4.0726 -4.5765 3.1618 4.0891 -3.7984 0.0473 1.0000 238.0000 23.8000 0.0000 9.0704 2.0000 
161 162 65 3.1618 4.0891 -3.7984 3.5114 4.0931 -3.3550 0.0473 0.5647 238.0000 23.8000 0.0000 10.0000 2.0000 
162 163 66 2.8200 4.4442 -4.7866 2.7921 4.0343 -5.6983 0.0508 1.0000 238.0000 23.8000 0.0000 9.0163 2.0000 
163 164 66 2.7921 4.0343 -5.6983 2.7746 3.7194 -6.3320 0.0508 0.7078 238.0000 23.8000 0.0000 10.0000 2.0000 
164 165 67 3.0673 4.8252 -4.9879 3.6073 4.1118 -5.4343 0.0468 1.0000 238.0000 23.8000 0.0000 9.5720 2.0000 
165 166 67 3.6073 4.1118 -5.4343 3.7414 3.9368 -5.5443 0.0468 0.2463 238.0000 23.8000 0.0000 10.0000 2.0000 
166 167 68 3.3024 5.1353 -5.1612 2.9685 5.1266 -6.1037 0.0417 1.0000 238.0000 23.8000 0.0000 9.3404 2.0000 
167 168 68 2.9685 5.1266 -6.1037 2.8298 5.1051 -6.5641 0.0417 0.4812 238.0000 23.8000 0.0000 10.0000 2.0000 
168 169 69 3.5676 5.5058 -5.4295 4.0266 5.0037 -6.1624 0.0499 1.0000 238.0000 23.8000 0.0000 9.7354 2.0000 
169 170 69 4.0266 5.0037 -6.1624 4.1020 4.9139 -6.2904 0.0499 0.1736 238.0000 23.8000 0.0000 10.0000 2.0000 
170 171 70 3.8198 5.8406 -5.6645 3.1703 6.1880 -6.2877 0.0490 0.9649 238.0000 23.8000 0.0000 10.0000 2.0000 
171 172 71 4.0238 6.1652 -5.8809 4.3687 6.5233 -5.1449 0.0593 0.8882 238.0000 23.8000 0.0000 10.0000 2.0000 
172 173 72 4.2443 6.5112 -6.0797 4.7250 5.9113 -6.4498 0.0490 0.8532 238.0000 23.8000 0.0000 10.0000 2.0000 
173 174 73 4.4869 6.8703 -6.3154 3.9053 7.3554 -6.5085 0.0493 0.7816 238.0000 23.8000 0.0000 10.0000 2.0000 
174 175 74 4.7202 7.2286 -6.5742 5.2608 6.9817 -6.4971 0.0474 0.5993 238.0000 23.8000 0.0000 10.0000 2.0000 
175 176 75 4.9226 7.5686 -6.8326 4.7678 7.9347 -6.6196 0.0458 0.4509 238.0000 23.8000 0.0000 10.0000 2.0000 
176 177 76 5.0869 7.8875 -7.1004 5.1164 7.8246 -7.3921 0.0508 0.2999 238.0000 23.8000 0.0000 10.0000 2.0000 
177 178 77 5.2866 8.3137 -7.4303 5.3037 8.2291 -7.5701 0.0542 0.1643 238.0000 23.8000 0.0000 10.0000 2.0000 
178 179 2 0.0000 0.0000 -2.9000 -0.4987 0.1455 -3.0422 0.1486 0.5386 0.0000 0.0000 205.0000 0.1737 4.0000 
179 180 2 -0.4987 0.1455 -3.0422 -1.0113 0.2909 -3.1979 0.1486 0.5551 0.0000 0.0000 205.0000 0.3532 4.0000 
180 181 2 -1.0113 0.2909 -3.1979 -1.4626 0.4137 -3.3375 0.1486 0.4881 0.0000 0.0000 205.0000 0.5116 4.0000 
181 182 2 -1.4626 0.4137 -3.3375 -1.8531 0.5354 -3.4098 0.1486 0.4153 0.0000 0.0000 205.0000 0.6467 4.0000 
182 183 2 -1.8531 0.5354 -3.4098 -2.3165 0.6648 -3.4663 0.1486 0.4844 0.0000 0.0000 205.0000 0.8046 4.0000 
183 184 2 -2.3165 0.6648 -3.4663 -2.7528 0.7591 -3.5821 0.1486 0.4611 0.0000 0.0000 205.0000 0.9554 4.0000 
184 185 2 -2.7528 0.7591 -3.5821 -3.2365 0.8906 -3.7759 0.1486 0.5375 0.0000 0.0000 205.0000 1.1316 4.0000 
185 186 2 -3.2365 0.8906 -3.7759 -3.6894 1.0444 -3.9694 0.1486 0.5159 0.0000 0.0000 205.0000 1.3012 4.0000 
186 187 2 -3.6894 1.0444 -3.9694 -4.1948 1.1913 -4.1859 0.1486 0.5691 0.0000 0.0000 205.0000 1.4889 4.0000 
187 188 2 -4.1948 1.1913 -4.1859 -4.5746 1.3017 -4.3470 0.1486 0.4271 0.0000 0.0000 205.0000 1.6302 4.0000 
188 189 2 -4.5746 1.3017 -4.3470 -5.0603 1.4468 -4.6005 0.1486 0.5668 0.0000 0.0000 205.0000 1.8182 4.0000 
189 190 2 -5.0603 1.4468 -4.6005 -5.5345 1.5577 -4.8596 0.1486 0.5516 0.0000 0.0000 205.0000 2.0018 4.0000 
190 191 2 -5.5345 1.5577 -4.8596 -5.9358 1.6714 -5.1094 0.1486 0.4862 0.0000 0.0000 205.0000 2.1640 4.0000 
191 192 2 -5.9358 1.6714 -5.1094 -6.4291 1.7952 -5.4273 0.1486 0.5998 0.0000 0.0000 205.0000 2.3649 4.0000 
192 193 2 -6.4291 1.7952 -5.4273 -6.8406 1.8653 -5.7414 0.1486 0.5225 0.0000 0.0000 205.0000 2.5404 4.0000 
193 194 2 -6.8406 1.8653 -5.7414 -7.2647 1.8771 -6.0793 0.1486 0.5424 0.0000 0.0000 205.0000 2.7231 4.0000 
194 195 2 -7.2647 1.8771 -6.0793 -7.6468 1.9065 -6.3757 0.1486 0.4844 0.0000 0.0000 205.0000 2.8868 4.0000 
195 196 2 -7.6468 1.9065 -6.3757 -8.0372 1.9353 -6.6796 0.1486 0.4956 0.0000 0.0000 205.0000 3.0548 4.0000 
196 197 2 -8.0372 1.9353 -6.6796 -8.4517 1.9691 -7.0346 0.1486 0.5468 0.0000 0.0000 205.0000 3.2407 4.0000 
197 198 2 -8.4517 1.9691 -7.0346 -8.7614 1.9947 -7.3640 0.1486 0.4529 0.0000 0.0000 205.0000 3.3951 4.0000 
198 199 2 -8.7614 1.9947 -7.3640 -9.1398 2.0308 -7.8224 0.1486 0.5955 0.0000 0.0000 205.0000 3.5988 4.0000 
199 200 2 -9.1398 2.0308 -7.8224 -9.4408 2.0665 -8.1913 0.1486 0.4774 0.0000 0.0000 205.0000 3.7626 4.0000 
200 201 2 -9.4408 2.0665 -8.1913 -9.6892 2.1152 -8.5548 0.1486 0.4429 0.0000 0.0000 205.0000 3.9150 4.0000 
201 202 2 -9.6892 2.1152 -8.5548 -9.9616 2.1725 -8.9210 0.1486 0.4600 0.0000 0.0000 205.0000 4.0737 4.0000 
202 203 2 -9.9616 2.1725 -8.9210 -10.2893 2.2391 -9.3506 0.1486 0.5444 0.0000 0.0000 205.0000 4.2620 4.0000 
203 204 2 -10.2893 2.2391 -9.3506 -10.5668 2.3209 -9.7712 0.1486 0.5105 0.0000 0.0000 205.0000 4.4392 4.0000 
204 205 2 -10.5668 2.3209 -9.7712 -10.8502 2.3916 -10.1904 0.1486 0.5109 0.0000 0.0000 205.0000 4.6171 4.0000 
205 206 2 -10.8502 2.3916 -10.1904 -11.0392 2.4548 -10.4689 0.1486 0.3426 0.0000 0.0000 205.0000 4.7366 4.0000 
206 207 2 -11.0392 2.4548 -10.4689 -11.2974 2.5474 -10.8635 0.1486 0.4805 0.0000 0.0000 205.0000 4.9048 4.0000 
207 208 2 -11.2974 2.5474 -10.8635 -11.5206 2.6200 -11.2454 0.1486 0.4482 0.0000 0.0000 205.0000 5.0621 4.0000 
208 209 2 -11.5206 2.6200 -11.2454 -11.7548 2.6881 -11.6633 0.1486 0.4839 0.0000 0.0000 205.0000 5.2323 4.0000 
209 210 2 -11.7548 2.6881 -11.6633 -11.9755 2.7595 -12.0688 0.1486 0.4672 0.0000 0.0000 205.0000 5.3972 4.0000 
210 211 2 -11.9755 2.7595 -12.0688 -12.1670 2.8258 -12.4230 0.1486 0.4081 0.0000 0.0000 205.0000 5.5416 4.0000 
211 212 2 -12.1670 2.8258 -12.4230 -12.4232 2.8706 -12.9040 0.1486 0.5468 0.0000 0.0000 205.0000 5.7357 4.0000 
212 213 2 -12.4232 2.8706 -12.9040 -12.6692 2.8836 -13.4601 0.1486 0.6082 0.0000 0.0000 205.0000 5.9523 4.0000 
213 214 2 -12.6692 2.8836 -13.4601 -12.8692 2.9496 -13.9755 0.1486 0.5568 0.0000 0.0000 205.0000 6.1513 4.0000 
214 215 2 -12.8692 2.9496 -13.9755 -13.0391 3.0090 -14.4229 0.1486 0.4822 0.0000 0.0000 205.0000 6.3242 4.0000 
215 216 2 -13.0391 3.0090 -14.4229 -13.1865 3.0804 -14.9172 0.1486 0.5208 0.0000 0.0000 205.0000 6.5115 4.0000 
216 217 2 -13.1865 3.0804 -14.9172 -13.3137 3.0853 -15.4706 0.1486 0.5679 0.0000 0.0000 205.0000 6.7165 4.0000 
217 218 2 -13.3137 3.0853 -15.4706 -13.4178 3.0892 -15.9209 0.1486 0.4622 0.0000 0.0000 205.0000 6.8839 4.0000 
218 219 2 -13.4178 3.0892 -15.9209 -13.5360 3.0882 -16.3899 0.1486 0.4837 0.0000 0.0000 205.0000 7.0595 4.0000 
219 220 2 -13.5360 3.0882 -16.3899 -13.6629 3.0892 -16.8526 0.1486 0.4797 0.0000 0.0000 205.0000 7.2342 4.0000 
220 221 2 -13.6629 3.0892 -16.8526 -13.8080 3.0665 -17.2640 0.1486 0.4369 0.0000 0.0000 205.0000 7.3938 4.0000 
221 222 2 -13.8080 3.0665 -17.2640 -13.9387 3.0603 -17.6768 0.1486 0.4330 0.0000 0.0000 205.0000 7.5524 4.0000 
222 223 2 -13.9387 3.0603 -17.6768 -14.1037 3.0422 -18.1676 0.1486 0.5182 0.0000 0.0000 205.0000 7.7428 4.0000 
223 224 2 -14.1037 3.0422 -18.1676 -14.2421 3.0186 -18.5976 0.1486 0.4523 0.0000 0.0000 205.0000 7.9095 4.0000 
224 225 2 -14.2421 3.0186 -18.5976 -14.3450 2.9748 -19.0933 0.1486 0.5082 0.0000 0.0000 205.0000 8.0974 4.0000 
225 226 2 -14.3450 2.9748 -19.0933 -14.4052 2.9397 -19.5803 0.1486 0.4920 0.0000 0.0000 205.0000 8.2798 4.0000 
226 227 2 -14.4052 2.9397 -19.5803 -14.4606 2.9118 -19.9973 0.1486 0.4216 0.0000 0.0000 205.0000 8.4366 4.0000 
227 228 2 -14.4606 2.9118 -19.9973 -14.5083 2.8660 -20.5968 0.1486 0.6031 0.0000 0.0000 205.0000 8.6617 4.0000 
228 229 2 -14.5083 2.8660 -20.5968 -14.5449 2.8312 -21.0870 0.1486 0.4928 0.0000 0.0000 205.0000 8.8462 4.0000 
229 230 2 -14.5449 2.8312 -21.0870 -14.5635 2.7983 -21.6075 0.1486 0.5219 0.0000 0.0000 205.0000 9.0423 4.0000 
230 231 2 -14.5635 2.7983 -21.6075 -14.5758 2.7553 -22.1587 0.1486 0.5530 0.0000 0.0000 205.0000 9.2508 4.0000 
231 232 2 -14.5758 2.7553 -22.1587 -14.5889 2.7262 -22.7225 0.1486 0.5647 0.0000 0.0000 205.0000 9.4645 4.0000 
232 233 2 -14.5889 2.7262 -22.7225 -14.5957 2.6836 -23.1585 0.1486 0.4381 0.0000 0.0000 205.0000 9.6309 4.0000 
233 234 2 -14.5957 2.6836 -23.1585 -14.5995 2.6489 -23.6168 0.1486 0.4596 0.0000 0.0000 205.0000 9.8059 4.0000 
234 235 2 -14.5995 2.6489 -23.6168 -14.6086 2.6143 -24.1073 0.1486 0.4918 0.0000 0.0000 205.0000 9.9937 4.0000 
235 236 2 -14.6086 2.6143 -24.1073 -14.6089 2.6132 -24.1236 0.1486 0.0163 0.0000 0.0000 205.0000 10.0000 4.0000 
236 237 111 -0.4987 0.1455 -3.0422 -0.9927 -0.4024 -2.3670 0.0480 1.0000 238.0000 23.8000 0.0000 7.8744 2.0000 
237 238 111 -0.9927 -0.4024 -2.3670 -1.4159 -1.0847 -1.7709 0.0480 1.0000 238.0000 23.8000 0.0000 9.4269 2.0000 
238 239 111 -1.4159 -1.0847 -1.7709 -1.5599 -1.3041 -1.5648 0.0480 0.3337 238.0000 23.8000 0.0000 10.0000 2.0000 
239 240 112 -1.0113 0.2909 -3.1979 -0.9200 0.7214 -4.0959 0.0499 1.0000 238.0000 23.8000 0.0000 8.0884 2.0000 
240 241 112 -0.9200 0.7214 -4.0959 -0.8265 1.1471 -4.9959 0.0499 1.0000 238.0000 23.8000 0.0000 9.6340 2.0000 
241 242 112 -0.8265 1.1471 -4.9959 -0.7998 1.2531 -5.1850 0.0499 0.2184 238.0000 23.8000 0.0000 10.0000 2.0000 
242 243 113 -1.4626 0.4137 -3.3375 -1.6393 0.1226 -2.3972 0.0454 1.0000 238.0000 23.8000 0.0000 8.3905 2.0000 
243 244 113 -1.6393 0.1226 -2.3972 -1.8071 -0.1576 -1.4953 0.0454 0.9593 238.0000 23.8000 0.0000 10.0000 2.0000 
244 245 114 -1.8531 0.5354 -3.4098 -1.6886 0.5984 -4.3942 0.0495 1.0000 238.0000 23.8000 0.0000 8.4045 2.0000 
245 246 114 -1.6886 0.5984 -4.3942 -1.5251 0.5751 -5.3804 0.0495 1.0000 238.0000 23.8000 0.0000 9.9672 2.0000 
246 247 114 -1.5251 0.5751 -5.3804 -1.5222 0.5745 -5.3996 0.0495 0.0194 238.0000 23.8000 0.0000 10.0000 2.0000 
247 248 115 -2.3165 0.6648 -3.4663 -1.8485 1.5330 -3.6310 0.0467 1.0000 238.0000 23.8000 0.0000 8.6243 2.0000 
248 249 115 -1.8485 1.5330 -3.6310 -1.4561 2.3393 -3.7448 0.0467 0.9039 238.0000 23.8000 0.0000 10.0000 2.0000 
249 250 116 -2.7528 0.7591 -3.5821 -2.5191 0.2039 -4.3803 0.0563 1.0000 238.0000 23.8000 0.0000 8.6688 2.0000 
250 251 116 -2.5191 0.2039 -4.3803 -2.3319 -0.3202 -5.1472 0.0563 0.9476 238.0000 23.8000 0.0000 10.0000 2.0000 
251 252 117 -3.2365 0.8906 -3.7759 -2.6881 1.1470 -4.5718 0.0607 1.0000 238.0000 23.8000 0.0000 8.9386 2.0000 
252 253 117 -2.6881 1.1470 -4.5718 -2.3082 1.3246 -5.1250 0.0607 0.6941 238.0000 23.8000 0.0000 10.0000 2.0000 
253 254 118 -3.6894 1.0444 -3.9694 -4.0140 1.5120 -3.1472 0.0490 1.0000 238.0000 23.8000 0.0000 9.1473 2.0000 
254 255 118 -4.0140 1.5120 -3.1472 -4.1997 1.7850 -2.6863 0.0490 0.5670 238.0000 23.8000 0.0000 10.0000 2.0000 
255 256 119 -4.1948 1.1913 -4.1859 -4.0250 2.1460 -4.4302 0.0453 1.0000 238.0000 23.8000 0.0000 9.3999 2.0000 
256 257 119 -4.0250 2.1460 -4.4302 -3.9898 2.5213 -4.5373 0.0453 0.3918 238.0000 23.8000 0.0000 10.0000 2.0000 
257 258 120 -4.5746 1.3017 -4.3470 -3.9236 1.6961 -4.9956 0.0517 1.0000 238.0000 23.8000 0.0000 9.5329 2.0000 
258 259 120 -3.9236 1.6961 -4.9956 -3.7232 1.8208 -5.1989 0.0517 0.3115 238.0000 23.8000 0.0000 10.0000 2.0000 
259 260 121 -5.0603 1.4468 -4.6005 -5.6229 1.6887 -3.8100 0.0513 1.0000 238.0000 23.8000 0.0000 9.7734 2.0000 
260 261 121 -5.6229 1.6887 -3.8100 -5.7087 1.7304 -3.6943 0.0513 0.1500 238.0000 23.8000 0.0000 10.0000 2.0000 
261 262 122 -5.5345 1.5577 -4.8596 -5.5747 0.6897 -5.3545 0.0431 1.0000 238.0000 23.8000 0.0000 9.9226 2.0000 
262 263 122 -5.5747 0.6897 -5.3545 -5.5768 0.6436 -5.3808 0.0431 0.0531 238.0000 23.8000 0.0000 10.0000 2.0000 
263 264 123 -5.9358 1.6714 -5.1094 -6.3774 0.9572 -5.1082 0.0525 0.8397 238.0000 23.8000 0.0000 10.0000 2.0000 
264 265 124 -6.4291 1.7952 -5.4273 -6.3844 1.2265 -5.6753 0.0454 0.6219 238.0000 23.8000 0.0000 10.0000 2.0000 
265 266 125 -6.8406 1.8653 -5.7414 -6.3183 1.9480 -6.0605 0.0552 0.6177 238.0000 23.8000 0.0000 10.0000 2.0000 
266 267 126 -7.2647 1.8771 -6.0793 -7.5188 1.6484 -5.9094 0.0578 0.3817 238.0000 23.8000 0.0000 10.0000 2.0000 
267 268 127 -7.6468 1.9065 -6.3757 -7.8470 2.0971 -6.2859 0.0524 0.2907 238.0000 23.8000 0.0000 10.0000 2.0000 
268 269 128 -8.0372 1.9353 -6.6796 -7.9981 1.7306 -6.6695 0.0546 0.2086 238.0000 23.8000 0.0000 10.0000 2.0000 
269 270 129 -8.4517 1.9691 -7.0346 -8.4711 1.9979 -7.0245 0.0457 0.0362 238.0000 23.8000 0.0000 10.0000 2.0000 
270 271 3 0.0000 0.0000 -2.9000 -0.0755 0.4599 -2.8984 0.1402 0.4661 0.0000 0.0000 205.0000 0.1473 4.0000 
271 272 3 -0.0755 0.4599 -2.8984 -0.1160 1.0152 -2.9342 0.1402 0.5579 0.0000 0.0000 205.0000 0.3241 4.0000 
272 273 3 -0.1160 1.0152 -2.9342 -0.1343 1.5297 -2.9870 0.1402 0.5175 0.0000 0.0000 205.0000 0.4886 4.0000 
273 274 3 -0.1343 1.5297 -2.9870 -0.1536 2.0402 -3.0480 0.1402 0.5145 0.0000 0.0000 205.0000 0.6527 4.0000 
274 275 3 -0.1536 2.0402 -3.0480 -0.1761 2.5726 -3.1263 0.1402 0.5386 0.0000 0.0000 205.0000 0.8249 4.0000 
275 276 3 -0.1761 2.5726 -3.1263 -0.1870 3.1482 -3.2578 0.1402 0.5905 0.0000 0.0000 205.0000 1.0142 4.0000 
276 277 3 -0.1870 3.1482 -3.2578 -0.2032 3.6597 -3.4247 0.1402 0.5384 0.0000 0.0000 205.0000 1.1874 4.0000 
277 278 3 -0.2032 3.6597 -3.4247 -0.2031 4.0952 -3.6301 0.1402 0.4815 0.0000 0.0000 205.0000 1.3427 4.0000 
278 279 3 -0.2031 4.0952 -3.6301 -0.1606 4.6306 -3.8235 0.1402 0.5708 0.0000 0.0000 205.0000 1.5274 4.0000 
279 280 3 -0.1606 4.6306 -3.8235 -0.1164 5.1504 -4.0119 0.1402 0.5547 0.0000 0.0000 205.0000 1.7074 4.0000 
280 281 3 -0.1164 5.1504 -4.0119 -0.0745 5.6088 -4.1913 0.1402 0.4941 0.0000 0.0000 205.0000 1.8683 4.0000 
281 282 3 -0.0745 5.6088 -4.1913 -0.0316 6.1249 -4.4081 0.1402 0.5615 0.0000 0.0000 205.0000 2.0516 4.0000 
282 283 3 -0.0316 6.1249 -4.4081 0.0312 6.6139 -4.6117 0.1402 0.5334 0.0000 0.0000 205.0000 2.2262 4.0000 
283 284 3 0.0312 6.6139 -4.6117 0.1126 7.1149 -4.8717 0.1402 0.5703 0.0000 0.0000 205.0000 2.4136 4.0000 
284 285 3 0.1126 7.1149 -4.8717 0.1576 7.5773 -5.1357 0.1402 0.5343 0.0000 0.0000 205.0000 2.5897 4.0000 
285 286 3 0.1576 7.5773 -5.1357 0.1925 7.9223 -5.3228 0.1402 0.3941 0.0000 0.0000 205.0000 2.7199 4.0000 
286 287 3 0.1925 7.9223 -5.3228 0.2351 8.3041 -5.5431 0.1402 0.4428 0.0000 0.0000 205.0000 2.8666 4.0000 
287 288 3 0.2351 8.3041 -5.5431 0.2832 8.7370 -5.7646 0.1402 0.4887 0.0000 0.0000 205.0000 3.0288 4.0000 
288 289 3 0.2832 8.7370 -5.7646 0.3369 9.2168 -6.0590 0.1402 0.5654 0.0000 0.0000 205.0000 3.2171 4.0000 
289 290 3 0.3369 9.2168 -6.0590 0.3803 9.5963 -6.3032 0.1402 0.4534 0.0000 0.0000 205.0000 3.3686 4.0000 
290 291 3 0.3803 9.5963 -6.3032 0.4298 10.0857 -6.6028 0.1402 0.5760 0.0000 0.0000 205.0000 3.5616 4.0000 
291 292 3 0.4298 10.0857 -6.6028 0.4827 10.4910 -6.8651 0.1402 0.4857 0.0000 0.0000 205.0000 3.7248 4.0000 
292 293 3 0.4827 10.4910 -6.8651 0.5343 10.8816 -7.1201 0.1402 0.4693 0.0000 0.0000 205.0000 3.8830 4.0000 
293 294 3 0.5343 10.8816 -7.1201 0.6040 11.2451 -7.3986 0.1402 0.4632 0.0000 0.0000 205.0000 4.0395 4.0000 
294 295 3 0.6040 11.2451 -7.3986 0.6882 11.6278 -7.8025 0.1402 0.5628 0.0000 0.0000 205.0000 4.2302 4.0000 
295 296 3 0.6882 11.6278 -7.8025 0.7622 11.9375 -8.1969 0.1402 0.5069 0.0000 0.0000 205.0000 4.4026 4.0000 
296 297 3 0.7622 11.9375 -8.1969 0.8202 12.1766 -8.5506 0.1402 0.4309 0.0000 0.0000 205.0000 4.5494 4.0000 
297 298 3 0.8202 12.1766 -8.5506 0.9044 12.3907 -8.9406 0.1402 0.4528 0.0000 0.0000 205.0000 4.7042 4.0000 
298 299 3 0.9044 12.3907 -8.9406 1.0016 12.6329 -9.3878 0.1402 0.5177 0.0000 0.0000 205.0000 4.8817 4.0000 
299 300 3 1.0016 12.6329 -9.3878 1.1036 12.8218 -9.8326 0.1402 0.4939 0.0000 0.0000 205.0000 5.0515 4.0000 
300 301 3 1.1036 12.8218 -9.8326 1.1826 12.9850 -10.2659 0.1402 0.4698 0.0000 0.0000 205.0000 5.2135 4.0000 
301 302 3 1.1826 12.9850 -10.2659 1.2574 13.1471 -10.7265 0.1402 0.4939 0.0000 0.0000 205.0000 5.3842 4.0000 
302 303 3 1.2574 13.1471 -10.7265 1.3267 13.2790 -11.2177 0.1402 0.5134 0.0000 0.0000 205.0000 5.5623 4.0000 
303 304 3 1.3267 13.2790 -11.2177 1.4057 13.4018 -11.7285 0.1402 0.5312 0.0000 0.0000 205.0000 5.7471 4.0000 
304 305 3 1.4057 13.4018 -11.7285 1.4583 13.5722 -12.2573 0.1402 0.5580 0.0000 0.0000 205.0000 5.9419 4.0000 
305 306 3 1.4583 13.5722 -12.2573 1.4962 13.7362 -12.7417 0.1402 0.5129 0.0000 0.0000 205.0000 6.1215 4.0000 
306 307 3 1.4962 13.7362 -12.7417 1.5277 13.8835 -13.2059 0.1402 0.4880 0.0000 0.0000 205.0000 6.2929 4.0000 
307 308 3 1.5277 13.8835 -13.2059 1.5351 14.0080 -13.6690 0.1402 0.4797 0.0000 0.0000 205.0000 6.4618 4.0000 
308 309 3 1.5351 14.0080 -13.6690 1.5669 14.1420 -14.1893 0.1402 0.5382 0.0000 0.0000 205.0000 6.6520 4.0000 
309 310 3 1.5669 14.1420 -14.1893 1.5840 14.2197 -14.6017 0.1402 0.4200 0.0000 0.0000 205.0000 6.8008 4.0000 
310 311 3 1.5840 14.2197 -14.6017 1.6058 14.3212 -15.1425 0.1402 0.5507 0.0000 0.0000 205.0000 6.9965 4.0000 
311 312 3 1.6058 14.3212 -15.1425 1.6182 14.4607 -15.6176 0.1402 0.4953 0.0000 0.0000 205.0000 7.1732 4.0000 
312 313 3 1.6182 14.4607 -15.6176 1.6798 14.6387 -16.1547 0.1402 0.5691 0.0000 0.0000 205.0000 7.3767 4.0000 
313 314 3 1.6798 14.6387 -16.1547 1.7237 14.8109 -16.6804 0.1402 0.5550 0.0000 0.0000 205.0000 7.5760 4.0000 
314 315 3 1.7237 14.8109 -16.6804 1.7421 15.0123 -17.1176 0.1402 0.4817 0.0000 0.0000 205.0000 7.7494 4.0000 
315 316 3 1.7421 15.0123 -17.1176 1.7504 15.1982 -17.5368 0.1402 0.4586 0.0000 0.0000 205.0000 7.9151 4.0000 
316 317 3 1.7504 15.1982 -17.5368 1.7462 15.3579 -17.9399 0.1402 0.4336 0.0000 0.0000 205.0000 8.0721 4.0000 
317 318 3 1.7462 15.3579 -17.9399 1.7208 15.5682 -18.4806 0.1402 0.5808 0.0000 0.0000 205.0000 8.2831 4.0000 
318 319 3 1.7208 15.5682 -18.4806 1.6798 15.7578 -18.9730 0.1402 0.5292 0.0000 0.0000 205.0000 8.4761 4.0000 
319 320 3 1.6798 15.7578 -18.9730 1.6369 15.9513 -19.4755 0.1402 0.5402 0.0000 0.0000 205.0000 8.6737 4.0000 
320 321 3 1.6369 15.9513 -19.4755 1.6009 16.1235 -19.8960 0.1402 0.4559 0.0000 0.0000 205.0000 8.8410 4.0000 
321 322 3 1.6009 16.1235 -19.8960 1.6043 16.3541 -20.4363 0.1402 0.5874 0.0000 0.0000 205.0000 9.0572 4.0000 
322 323 3 1.6043 16.3541 -20.4363 1.6125 16.5558 -20.8946 0.1402 0.5008 0.0000 0.0000 205.0000 9.2422 4.0000 
323 324 3 1.6125 16.5558 -20.8946 1.6362 16.7786 -21.3512 0.1402 0.5086 0.0000 0.0000 205.0000 9.4307 4.0000 
324 325 3 1.6362 16.7786 -21.3512 1.6621 17.0048 -21.8226 0.1402 0.5235 0.0000 0.0000 205.0000 9.6254 4.0000 
325 326 3 1.6621 17.0048 -21.8226 1.6719 17.2365 -22.3109 0.1402 0.5406 0.0000 0.0000 205.0000 9.8271 4.0000 
326 327 3 1.6719 17.2365 -22.3109 1.6701 17.4101 -22.7388 0.1402 0.4618 0.0000 0.0000 205.0000 10.0000 4.0000 
327 328 168 -0.0755 0.4599 -2.8984 0.8754 0.5550 -2.6038 0.0492 1.0000 238.0000 23.8000 0.0000 8.4824 2.0000 
328 329 168 0.8754 0.5550 -2.6038 1.7187 0.5740 -2.2575 0.0492 0.9118 238.0000 23.8000 0.0000 10.0000 2.0000 
329 330 169 -0.1160 1.0152 -2.9342 -1.0298 0.9228 -2.5387 0.0588 1.0000 238.0000 23.8000 0.0000 8.6577 2.0000 
330 331 169 -1.0298 0.9228 -2.5387 -1.7801 0.8273 -2.2201 0.0588 0.8207 238.0000 23.8000 0.0000 10.0000 2.0000 
331 332 170 -0.1343 1.5297 -2.9870 0.6334 1.7614 -2.3896 0.0410 1.0000 238.0000 23.8000 0.0000 8.7935 2.0000 
332 333 170 0.6334 1.7614 -2.3896 1.2317 1.9205 -1.9553 0.0410 0.7562 238.0000 23.8000 0.0000 10.0000 2.0000 
333 334 171 -0.1536 2.0402 -3.0480 -1.1308 2.0210 -3.2595 0.0441 1.0000 238.0000 23.8000 0.0000 8.8689 2.0000 
334 335 171 -1.1308 2.0210 -3.2595 -1.8919 1.9956 -3.4044 0.0441 0.7752 238.0000 23.8000 0.0000 10.0000 2.0000 
335 336 172 -0.1761 2.5726 -3.1263 -0.9532 2.6016 -3.7551 0.0436 1.0000 238.0000 23.8000 0.0000 9.0653 2.0000 
336 337 172 -0.9532 2.6016 -3.7551 -1.4773 2.5787 -4.1091 0.0436 0.6328 238.0000 23.8000 0.0000 10.0000 2.0000 
337 338 173 -0.1870 3.1482 -3.2578 -0.5933 3.5648 -2.4446 0.0460 1.0000 238.0000 23.8000 0.0000 9.3603 2.0000 
338 339 173 -0.5933 3.5648 -2.4446 -0.7595 3.7328 -2.0970 0.0460 0.4203 238.0000 23.8000 0.0000 10.0000 2.0000 
339 340 174 -0.2032 3.6597 -3.4247 -0.2681 4.0848 -2.5218 0.0554 1.0000 238.0000 23.8000 0.0000 9.6060 2.0000 
340 341 174 -0.2681 4.0848 -2.5218 -0.3038 4.1868 -2.2921 0.0554 0.2539 238.0000 23.8000 0.0000 10.0000 2.0000 
341 342 175 -0.2031 4.0952 -3.6301 -1.0673 4.5348 -3.3851 0.0524 1.0000 238.0000 23.8000 0.0000 9.8056 2.0000 
342 343 175 -1.0673 4.5348 -3.3851 -1.1758 4.5872 -3.3595 0.0524 0.1232 238.0000 23.8000 0.0000 10.0000 2.0000 
343 344 176 -0.1606 4.6306 -3.8235 0.7210 4.6710 -3.5028 0.0457 0.9390 238.0000 23.8000 0.0000 10.0000 2.0000 
344 345 177 -0.1164 5.1504 -4.0119 -1.0477 5.1395 -4.1186 0.0532 0.9375 238.0000 23.8000 0.0000 10.0000 2.0000 
345 346 178 -0.0745 5.6088 -4.1913 0.5134 5.5158 -4.6249 0.0530 0.7364 238.0000 23.8000 0.0000 10.0000 2.0000 
346 347 179 -0.0316 6.1249 -4.4081 0.4983 6.3585 -4.0016 0.0454 0.7075 238.0000 23.8000 0.0000 10.0000 2.0000 
347 348 180 0.0312 6.6139 -4.6117 0.4347 6.5372 -4.8119 0.0410 0.4569 238.0000 23.8000 0.0000 10.0000 2.0000 
348 349 181 0.1126 7.1149 -4.8717 0.4186 7.0496 -4.7739 0.0532 0.3278 238.0000 23.8000 0.0000 10.0000 2.0000 
349 350 182 0.1576 7.5773 -5.1357 0.3402 7.6007 -5.2441 0.0434 0.2137 238.0000 23.8000 0.0000 10.0000 2.0000 
350 351 183 0.1925 7.9223 -5.3228 0.1309 7.9018 -5.3826 0.0475 0.0883 238.0000 23.8000 0.0000 10.0000 2.0000 
351 352 4 0.0000 0.0000 -2.9000 0.2894 0.3700 -2.9812 0.1294 0.4767 0.0000 0.0000 205.0000 0.1848 4.0000 
352 353 4 0.2894 0.3700 -2.9812 0.6223 0.7605 -3.0936 0.1294 0.5253 0.0000 0.0000 205.0000 0.3890 4.0000 
353 354 4 0.6223 0.7605 -3.0936 0.9005 1.0573 -3.1587 0.1294 0.4120 0.0000 0.0000 205.0000 0.5496 4.0000 
354 355 4 0.9005 1.0573 -3.1587 1.2356 1.3978 -3.2213 0.1294 0.4818 0.0000 0.0000 205.0000 0.7379 4.0000 
355 356 4 1.2356 1.3978 -3.2213 1.5773 1.7304 -3.2905 0.1294 0.4818 0.0000 0.0000 205.0000 0.9266 4.0000 
356 357 4 1.5773 1.7304 -3.2905 1.8866 2.0301 -3.3529 0.1294 0.4353 0.0000 0.0000 205.0000 1.0976 4.0000 
357 358 4 1.8866 2.0301 -3.3529 2.2380 2.3765 -3.3946 0.1294 0.4952 0.0000 0.0000 205.0000 1.2927 4.0000 
358 359 4 2.2380 2.3765 -3.3946 2.5620 2.7438 -3.4561 0.1294 0.4935 0.0000 0.0000 205.0000 1.4877 4.0000 
359 360 4 2.5620 2.7438 -3.4561 2.8552 3.0783 -3.5187 0.1294 0.4493 0.0000 0.0000 205.0000 1.6656 4.0000 
360 361 4 2.8552 3.0783 -3.5187 3.2139 3.4748 -3.6172 0.1294 0.5437 0.0000 0.0000 205.0000 1.8816 4.0000 
361 362 4 3.2139 3.4748 -3.6172 3.5505 3.8751 -3.7357 0.1294 0.5362 0.0000 0.0000 205.0000 2.0953 4.0000 
362 363 4 3.5505 3.8751 -3.7357 3.8492 4.2171 -3.8536 0.1294 0.4690 0.0000 0.0000 205.0000 2.2827 4.0000 
363 364 4 3.8492 4.2171 -3.8536 4.1499 4.5402 -3.9929 0.1294 0.4629 0.0000 0.0000 205.0000 2.4682 4.0000 
364 365 4 4.1499 4.5402 -3.9929 4.4412 4.8173 -4.1420 0.1294 0.4288 0.0000 0.0000 205.0000 2.6405 4.0000 
365 366 4 4.4412 4.8173 -4.1420 4.7800 5.1304 -4.3361 0.1294 0.5005 0.0000 0.0000 205.0000 2.8421 4.0000 
366 367 4 4.7800 5.1304 -4.3361 5.1572 5.4445 -4.5981 0.1294 0.5564 0.0000 0.0000 205.0000 3.0669 4.0000 
367 368 4 5.1572 5.4445 -4.5981 5.4917 5.7382 -4.8458 0.1294 0.5095 0.0000 0.0000 205.0000 3.2734 4.0000 
368 369 4 5.4917 5.7382 -4.8458 5.8156 6.0179 -5.0893 0.1294 0.4923 0.0000 0.0000 205.0000 3.4736 4.0000 
369 370 4 5.8156 6.0179 -5.0893 6.0967 6.2459 -5.2891 0.1294 0.4134 0.0000 0.0000 205.0000 3.6421 4.0000 
370 371 4 6.0967 6.2459 -5.2891 6.4319 6.6470 -5.5621 0.1294 0.5898 0.0000 0.0000 205.0000 3.8833 4.0000 
371 372 4 6.4319 6.6470 -5.5621 6.6975 6.9948 -5.7893 0.1294 0.4930 0.0000 0.0000 205.0000 4.0855 4.0000 
372 373 4 6.6975 6.9948 -5.7893 6.9782 7.2929 -6.0605 0.1294 0.4912 0.0000 0.0000 205.0000 4.2876 4.0000 
373 374 4 6.9782 7.2929 -6.0605 7.2155 7.5608 -6.3078 0.1294 0.4349 0.0000 0.0000 205.0000 4.4670 4.0000 
374 375 4 7.2155 7.5608 -6.3078 7.4813 7.8011 -6.5832 0.1294 0.4519 0.0000 0.0000 205.0000 4.6539 4.0000 
375 376 4 7.4813 7.8011 -6.5832 7.7889 8.0822 -6.9024 0.1294 0.5249 0.0000 0.0000 205.0000 4.8717 4.0000 
376 377 4 7.7889 8.0822 -6.9024 8.1163 8.3724 -7.2677 0.1294 0.5700 0.0000 0.0000 205.0000 5.1089 4.0000 
377 378 4 8.1163 8.3724 -7.2677 8.3194 8.5578 -7.5036 0.1294 0.3623 0.0000 0.0000 205.0000 5.2601 4.0000 
378 379 4 8.3194 8.5578 -7.5036 8.6048 8.8088 -7.8555 0.1294 0.5180 0.0000 0.0000 205.0000 5.4769 4.0000 
379 380 4 8.6048 8.8088 -7.8555 8.8741 9.0470 -8.1873 0.1294 0.4892 0.0000 0.0000 205.0000 5.6823 4.0000 
380 381 4 8.8741 9.0470 -8.1873 9.1490 9.2906 -8.5257 0.1294 0.4995 0.0000 0.0000 205.0000 5.8926 4.0000 
381 382 4 9.1490 9.2906 -8.5257 9.3825 9.5196 -8.9388 0.1294 0.5269 0.0000 0.0000 205.0000 6.1151 4.0000 
382 383 4 9.3825 9.5196 -8.9388 9.5891 9.7637 -9.3329 0.1294 0.5076 0.0000 0.0000 205.0000 6.3302 4.0000 
383 384 4 9.5891 9.7637 -9.3329 9.7775 9.9829 -9.7157 0.1294 0.4796 0.0000 0.0000 205.0000 6.5340 4.0000 
384 385 4 9.7775 9.9829 -9.7157 9.9720 10.2117 -10.0939 0.1294 0.4829 0.0000 0.0000 205.0000 6.7399 4.0000 
385 386 4 9.9720 10.2117 -10.0939 10.0964 10.4114 -10.4916 0.1294 0.4621 0.0000 0.0000 205.0000 6.9375 4.0000 
386 387 4 10.0964 10.4114 -10.4916 10.2128 10.6124 -10.8718 0.1294 0.4454 0.0000 0.0000 205.0000 7.1284 4.0000 
387 388 4 10.2128 10.6124 -10.8718 10.3155 10.7921 -11.3336 0.1294 0.5061 0.0000 0.0000 205.0000 7.3461 4.0000 
388 389 4 10.3155 10.7921 -11.3336 10.3937 10.9753 -11.8115 0.1294 0.5178 0.0000 0.0000 205.0000 7.5694 4.0000 
389 390 4 10.3937 10.9753 -11.8115 10.4007 11.1037 -12.3201 0.1294 0.5246 0.0000 0.0000 205.0000 7.7965 4.0000 
390 391 4 10.4007 11.1037 -12.3201 10.4042 11.2240 -12.7986 0.1294 0.4934 0.0000 0.0000 205.0000 8.0107 4.0000 
391 392 4 10.4042 11.2240 -12.7986 10.3887 11.3141 -13.3073 0.1294 0.5169 0.0000 0.0000 205.0000 8.2359 4.0000 
392 393 4 10.3887 11.3141 -13.3073 10.3563 11.4142 -13.8216 0.1294 0.5249 0.0000 0.0000 205.0000 8.4653 4.0000 
393 394 4 10.3563 11.4142 -13.8216 10.3417 11.5079 -14.3049 0.1294 0.4925 0.0000 0.0000 205.0000 8.6812 4.0000 
394 395 4 10.3417 11.5079 -14.3049 10.3494 11.5907 -14.7874 0.1294 0.4896 0.0000 0.0000 205.0000 8.8965 4.0000 
395 396 4 10.3494 11.5907 -14.7874 10.3466 11.6760 -15.2579 0.1294 0.4782 0.0000 0.0000 205.0000 9.1075 4.0000 
396 397 4 10.3466 11.6760 -15.2579 10.3117 11.7541 -15.8141 0.1294 0.5627 0.0000 0.0000 205.0000 9.3566 4.0000 
397 398 4 10.3117 11.7541 -15.8141 10.2993 11.8099 -16.2300 0.1294 0.4198 0.0000 0.0000 205.0000 9.5430 4.0000 
398 399 4 10.2993 11.8099 -16.2300 10.2898 11.8721 -16.6818 0.1294 0.4561 0.0000 0.0000 205.0000 9.7461 4.0000 
399 400 4 10.2898 11.8721 -16.6818 10.2791 11.9489 -17.1049 0.1294 0.4302 0.0000 0.0000 205.0000 9.9382 4.0000 
400 401 4 10.2791 11.9489 -17.1049 10.2778 11.9721 -17.2410 0.1294 0.1381 0.0000 0.0000 205.0000 10.0000 4.0000 
401 402 224 0.2894 0.3700 -2.9812 0.3331 0.4181 -1.9833 0.0482 1.0000 238.0000 23.8000 0.0000 8.7895 2.0000 
402 403 224 0.3331 0.4181 -1.9833 0.3606 0.4802 -1.1780 0.0482 0.8082 238.0000 23.8000 0.0000 10.0000 2.0000 
403 404 225 0.6223 0.7605 -3.0936 0.4432 1.1902 -2.2086 0.0451 1.0000 238.0000 23.8000 0.0000 9.0187 2.0000 
404 405 225 0.4432 1.1902 -2.2086 0.3221 1.4730 -1.6177 0.0451 0.6662 238.0000 23.8000 0.0000 10.0000 2.0000 
405 406 226 0.9005 1.0573 -3.1587 0.7582 1.5995 -2.3306 0.0597 1.0000 238.0000 23.8000 0.0000 9.0170 2.0000 
406 407 226 0.7582 1.5995 -2.3306 0.7290 2.0491 -1.7082 0.0597 0.7683 238.0000 23.8000 0.0000 10.0000 2.0000 
407 408 227 1.2356 1.3978 -3.2213 1.8695 0.6265 -3.1643 0.0526 1.0000 238.0000 23.8000 0.0000 9.5455 2.0000 
408 409 227 1.8695 0.6265 -3.1643 2.0467 0.4105 -3.1501 0.0526 0.2798 238.0000 23.8000 0.0000 10.0000 2.0000 
409 410 228 1.5773 1.7304 -3.2905 2.3518 1.0985 -3.3197 0.0539 1.0000 238.0000 23.8000 0.0000 9.6727 2.0000 
410 411 228 2.3518 1.0985 -3.3197 2.5166 0.9577 -3.3187 0.0539 0.2168 238.0000 23.8000 0.0000 10.0000 2.0000 
411 412 229 1.8866 2.0301 -3.3529 2.1325 1.9515 -2.3868 0.0557 1.0000 238.0000 23.8000 0.0000 9.6082 2.0000 
412 413 229 2.1325 1.9515 -2.3868 2.2063 1.9278 -2.0834 0.0557 0.3131 238.0000 23.8000 0.0000 10.0000 2.0000 
413 414 230 2.2380 2.3765 -3.3946 2.7909 2.0540 -4.1012 0.0433 0.9534 238.0000 23.8000 0.0000 10.0000 2.0000 
414 415 231 2.5620 2.7438 -3.4561 1.9915 3.1710 -3.1383 0.0414 0.7804 238.0000 23.8000 0.0000 10.0000 2.0000 
415 416 232 2.8552 3.0783 -3.5187 3.4826 2.6821 -3.6397 0.0471 0.7519 238.0000 23.8000 0.0000 10.0000 2.0000 
416 417 233 3.2139 3.4748 -3.6172 2.8488 3.7005 -3.6833 0.0486 0.4343 238.0000 23.8000 0.0000 10.0000 2.0000 
417 418 234 3.5505 3.8751 -3.7357 3.6708 3.8069 -3.4514 0.0430 0.3161 238.0000 23.8000 0.0000 10.0000 2.0000 
418 419 235 3.8492 4.2171 -3.8536 3.9200 4.1655 -3.9914 0.0574 0.1633 238.0000 23.8000 0.0000 10.0000 2.0000 
419 420 236 4.1499 4.5402 -3.9929 4.1444 4.5376 -4.0020 0.0382 0.0109 238.0000 23.8000 0.0000 10.0000 2.0000 
420 421 5 0.0000 0.0000 -2.9000 0.4597 0.1513 -2.9582 0.1171 0.4874 0.0000 0.0000 205.0000 0.1707 4.0000 
421 422 5 0.4597 0.1513 -2.9582 0.9486 0.3044 -3.0634 0.1171 0.5229 0.0000 0.0000 205.0000 0.3543 4.0000 
422 423 5 0.9486 0.3044 -3.0634 1.3929 0.4349 -3.1832 0.1171 0.4784 0.0000 0.0000 205.0000 0.5228 4.0000 
423 424 5 1.3929 0.4349 -3.1832 1.8480 0.5417 -3.3471 0.1171 0.4954 0.0000 0.0000 205.0000 0.6977 4.0000 
424 425 5 1.8480 0.5417 -3.3471 2.2141 0.6654 -3.5117 0.1171 0.4200 0.0000 0.0000 205.0000 0.8464 4.0000 
425 426 5 2.2141 0.6654 -3.5117 2.6440 0.8210 -3.7178 0.1171 0.5015 0.0000 0.0000 205.0000 1.0243 4.0000 
426 427 5 2.6440 0.8210 -3.7178 3.0620 0.9467 -3.9207 0.1171 0.4814 0.0000 0.0000 205.0000 1.1957 4.0000 
427 428 5 3.0620 0.9467 -3.9207 3.4293 1.0846 -4.1940 0.1171 0.4781 0.0000 0.0000 205.0000 1.3663 4.0000 
428 429 5 3.4293 1.0846 -4.1940 3.8448 1.2741 -4.5207 0.1171 0.5616 0.0000 0.0000 205.0000 1.5673 4.0000 
429 430 5 3.8448 1.2741 -4.5207 4.1978 1.4249 -4.8156 0.1171 0.4841 0.0000 0.0000 205.0000 1.7411 4.0000 
430 431 5 4.1978 1.4249 -4.8156 4.4853 1.5415 -5.0533 0.1171 0.3908 0.0000 0.0000 205.0000 1.8818 4.0000 
431 432 5 4.4853 1.5415 -5.0533 4.8965 1.7089 -5.4412 0.1171 0.5895 0.0000 0.0000 205.0000 2.0945 4.0000 
432 433 5 4.8965 1.7089 -5.4412 5.2167 1.8461 -5.7662 0.1171 0.4765 0.0000 0.0000 205.0000 2.2671 4.0000 
433 434 5 5.2167 1.8461 -5.7662 5.5988 1.9532 -6.1039 0.1171 0.5210 0.0000 0.0000 205.0000 2.4562 4.0000 
434 435 5 5.5988 1.9532 -6.1039 5.8950 2.0453 -6.3857 0.1171 0.4190 0.0000 0.0000 205.0000 2.6088 4.0000 
435 436 5 5.8950 2.0453 -6.3857 6.2981 2.1705 -6.7904 0.1171 0.5848 0.0000 0.0000 205.0000 2.8224 4.0000 
436 437 5 6.2981 2.1705 -6.7904 6.5959 2.2617 -7.0833 0.1171 0.4276 0.0000 0.0000 205.0000 2.9790 4.0000 
437 438 5 6.5959 2.2617 -7.0833 6.9392 2.3598 -7.4423 0.1171 0.5063 0.0000 0.0000 205.0000 3.1649 4.0000 
438 439 5 6.9392 2.3598 -7.4423 7.2866 2.4622 -7.8096 0.1171 0.5158 0.0000 0.0000 205.0000 3.3549 4.0000 
439 440 5 7.2866 2.4622 -7.8096 7.6231 2.5648 -8.1798 0.1171 0.5107 0.0000 0.0000 205.0000 3.5436 4.0000 
440 441 5 7.6231 2.5648 -8.1798 8.0097 2.6733 -8.5429 0.1171 0.5414 0.0000 0.0000 205.0000 3.7442 4.0000 
441 442 5 8.0097 2.6733 -8.5429 8.3517 2.7693 -8.8716 0.1171 0.4840 0.0000 0.0000 205.0000 3.9241 4.0000 
442 443 5 8.3517 2.7693 -8.8716 8.7221 2.8981 -9.2429 0.1171 0.5400 0.0000 0.0000 205.0000 4.1255 4.0000 
443 444 5 8.7221 2.8981 -9.2429 9.0218 2.9947 -9.5523 0.1171 0.4415 0.0000 0.0000 205.0000 4.2906 4.0000 
444 445 5 9.0218 2.9947 -9.5523 9.3511 3.1230 -9.9099 0.1171 0.5027 0.0000 0.0000 205.0000 4.4791 4.0000 
445 446 5 9.3511 3.1230 -9.9099 9.6222 3.2563 -10.2248 0.1171 0.4364 0.0000 0.0000 205.0000 4.6432 4.0000 
446 447 5 9.6222 3.2563 -10.2248 9.9138 3.4113 -10.5693 0.1171 0.4772 0.0000 0.0000 205.0000 4.8232 4.0000 
447 448 5 9.9138 3.4113 -10.5693 10.2155 3.5730 -10.9631 0.1171 0.5218 0.0000 0.0000 205.0000 5.0205 4.0000 
448 449 5 10.2155 3.5730 -10.9631 10.4948 3.8219 -11.3089 0.1171 0.5095 0.0000 0.0000 205.0000 5.2139 4.0000 
449 450 5 10.4948 3.8219 -11.3089 10.7737 4.1083 -11.7267 0.1171 0.5783 0.0000 0.0000 205.0000 5.4340 4.0000 
450 451 5 10.7737 4.1083 -11.7267 10.9863 4.2467 -12.0540 0.1171 0.4140 0.0000 0.0000 205.0000 5.5921 4.0000 
451 452 5 10.9863 4.2467 -12.0540 11.2533 4.4084 -12.4829 0.1171 0.5305 0.0000 0.0000 205.0000 5.7952 4.0000 
452 453 5 11.2533 4.4084 -12.4829 11.4858 4.5146 -12.9140 0.1171 0.5012 0.0000 0.0000 205.0000 5.9877 4.0000 
453 454 5 11.4858 4.5146 -12.9140 11.6984 4.6347 -13.3613 0.1171 0.5096 0.0000 0.0000 205.0000 6.1841 4.0000 
454 455 5 11.6984 4.6347 -13.3613 11.8710 4.7264 -13.7678 0.1171 0.4510 0.0000 0.0000 205.0000 6.3584 4.0000 
455 456 5 11.8710 4.7264 -13.7678 12.0317 4.8123 -14.2284 0.1171 0.4953 0.0000 0.0000 205.0000 6.5504 4.0000 
456 457 5 12.0317 4.8123 -14.2284 12.1968 4.9408 -14.7236 0.1171 0.5376 0.0000 0.0000 205.0000 6.7595 4.0000 
457 458 5 12.1968 4.9408 -14.7236 12.3501 5.0643 -15.1932 0.1171 0.5092 0.0000 0.0000 205.0000 6.9581 4.0000 
458 459 5 12.3501 5.0643 -15.1932 12.5136 5.1918 -15.6778 0.1171 0.5271 0.0000 0.0000 205.0000 7.1645 4.0000 
459 460 5 12.5136 5.1918 -15.6778 12.6514 5.3228 -16.1734 0.1171 0.5307 0.0000 0.0000 205.0000 7.3729 4.0000 
460 461 5 12.6514 5.3228 -16.1734 12.7941 5.4166 -16.6717 0.1171 0.5268 0.0000 0.0000 205.0000 7.5804 4.0000 
461 462 5 12.7941 5.4166 -16.6717 12.9109 5.4997 -17.1176 0.1171 0.4683 0.0000 0.0000 205.0000 7.7655 4.0000 
462 463 5 12.9109 5.4997 -17.1176 12.9899 5.5464 -17.6038 0.1171 0.4948 0.0000 0.0000 205.0000 7.9617 4.0000 
463 464 5 12.9899 5.5464 -17.6038 13.0479 5.5782 -18.0956 0.1171 0.4963 0.0000 0.0000 205.0000 8.1590 4.0000 
464 465 5 13.0479 5.5782 -18.0956 13.1065 5.6101 -18.5940 0.1171 0.5028 0.0000 0.0000 205.0000 8.3596 4.0000 
465 466 5 13.1065 5.6101 -18.5940 13.1603 5.6513 -19.0426 0.1171 0.4537 0.0000 0.0000 205.0000 8.5411 4.0000 
466 467 5 13.1603 5.6513 -19.0426 13.2497 5.6821 -19.4917 0.1171 0.4590 0.0000 0.0000 205.0000 8.7253 4.0000 
467 468 5 13.2497 5.6821 -19.4917 13.3495 5.7302 -19.9758 0.1171 0.4967 0.0000 0.0000 205.0000 8.9253 4.0000 
468 469 5 13.3495 5.7302 -19.9758 13.4346 5.8029 -20.5147 0.1171 0.5504 0.0000 0.0000 205.0000 9.1476 4.0000 
469 470 5 13.4346 5.8029 -20.5147 13.4862 5.8827 -20.9314 0.1171 0.4274 0.0000 0.0000 205.0000 9.3208 4.0000 
470 471 5 13.4862 5.8827 -20.9314 13.5394 5.9917 -21.4981 0.1171 0.5795 0.0000 0.0000 205.0000 9.5564 4.0000 
471 472 5 13.5394 5.9917 -21.4981 13.6136 6.0245 -21.9654 0.1171 0.4743 0.0000 0.0000 205.0000 9.7498 4.0000 
472 473 5 13.6136 6.0245 -21.9654 13.6816 6.0545 -22.3920 0.1171 0.4331 0.0000 0.0000 205.0000 9.9270 4.0000 
473 474 5 13.6816 6.0545 -22.3920 13.7129 6.0654 -22.5670 0.1171 0.1780 0.0000 0.0000 205.0000 10.0000 4.0000 
474 475 273 0.4597 0.1513 -2.9582 0.4854 0.6709 -2.1042 0.0506 1.0000 238.0000 23.8000 0.0000 7.6518 2.0000 
475 476 273 0.4854 0.6709 -2.1042 0.5319 1.2272 -1.2745 0.0506 1.0000 238.0000 23.8000 0.0000 9.1746 2.0000 
476 477 273 0.5319 1.2272 -1.2745 0.5736 1.5287 -0.8771 0.0506 0.5006 238.0000 23.8000 0.0000 10.0000 2.0000 
477 478 274 0.9486 0.3044 -3.0634 1.2455 -0.4931 -2.5381 0.0477 1.0000 238.0000 23.8000 0.0000 7.8146 2.0000 
478 479 274 1.2455 -0.4931 -2.5381 1.6460 -1.2791 -2.0671 0.0477 1.0000 238.0000 23.8000 0.0000 9.2965 2.0000 
479 480 274 1.6460 -1.2791 -2.0671 1.8200 -1.6238 -1.8578 0.0477 0.4393 238.0000 23.8000 0.0000 10.0000 2.0000 
480 481 275 1.3929 0.4349 -3.1832 1.6949 -0.0127 -2.3415 0.0467 1.0000 238.0000 23.8000 0.0000 8.1182 2.0000 
481 482 275 1.6949 -0.0127 -2.3415 2.0087 -0.2794 -1.4303 0.0467 1.0000 238.0000 23.8000 0.0000 9.7245 2.0000 
482 483 275 2.0087 -0.2794 -1.4303 2.0623 -0.3226 -1.2841 0.0467 0.1616 238.0000 23.8000 0.0000 10.0000 2.0000 
483 484 276 1.8480 0.5417 -3.3471 2.2089 -0.3696 -3.5451 0.0446 1.0000 238.0000 23.8000 0.0000 8.0888 2.0000 
484 485 276 2.2089 -0.3696 -3.5451 2.5355 -1.2962 -3.7315 0.0446 1.0000 238.0000 23.8000 0.0000 9.4692 2.0000 
485 486 276 2.5355 -1.2962 -3.7315 2.6579 -1.6239 -3.7897 0.0446 0.3546 238.0000 23.8000 0.0000 10.0000 2.0000 
486 487 277 2.2141 0.6654 -3.5117 2.6186 0.4880 -2.6145 0.0437 1.0000 238.0000 23.8000 0.0000 8.3082 2.0000 
487 488 277 2.6186 0.4880 -2.6145 3.0352 0.3279 -1.7196 0.0437 1.0000 238.0000 23.8000 0.0000 9.7551 2.0000 
488 489 277 3.0352 0.3279 -1.7196 3.1045 0.3013 -1.5805 0.0437 0.1577 238.0000 23.8000 0.0000 10.0000 2.0000 
489 490 278 2.6440 0.8210 -3.7178 2.6237 1.6033 -3.0953 0.0482 1.0000 238.0000 23.8000 0.0000 8.5575 2.0000 
490 491 278 2.6237 1.6033 -3.0953 2.5043 2.3354 -2.4908 0.0482 0.9568 238.0000 23.8000 0.0000 10.0000 2.0000 
491 492 279 3.0620 0.9467 -3.9207 3.3916 0.0577 -3.6029 0.0494 1.0000 238.0000 23.8000 0.0000 8.7877 2.0000 
492 493 279 3.3916 0.0577 -3.6029 3.6572 -0.6581 -3.3409 0.0494 0.8072 238.0000 23.8000 0.0000 10.0000 2.0000 
493 494 280 3.4293 1.0846 -4.1940 2.7303 1.2899 -4.8790 0.0475 1.0000 238.0000 23.8000 0.0000 9.0055 2.0000 
494 495 280 2.7303 1.2899 -4.8790 2.2808 1.4328 -5.3182 0.0475 0.6445 238.0000 23.8000 0.0000 10.0000 2.0000 
495 496 281 3.8448 1.2741 -4.5207 3.5557 0.7559 -5.3257 0.0472 1.0000 238.0000 23.8000 0.0000 9.3143 2.0000 
496 497 281 3.5557 0.7559 -5.3257 3.4205 0.5247 -5.6519 0.0472 0.4221 238.0000 23.8000 0.0000 10.0000 2.0000 
497 498 282 4.1978 1.4249 -4.8156 3.5388 1.3611 -5.5649 0.0490 1.0000 238.0000 23.8000 0.0000 9.4556 2.0000 
498 499 282 3.5388 1.3611 -5.5649 3.3115 1.3363 -5.8248 0.0490 0.3461 238.0000 23.8000 0.0000 10.0000 2.0000 
499 500 283 4.4853 1.5415 -5.0533 3.9461 2.3760 -5.1663 0.0389 1.0000 238.0000 23.8000 0.0000 9.4303 2.0000 
500 501 283 3.9461 2.3760 -5.1663 3.7058 2.7103 -5.2064 0.0389 0.4136 238.0000 23.8000 0.0000 10.0000 2.0000 
501 502 284 4.8965 1.7089 -5.4412 4.2636 2.0180 -6.1511 0.0557 1.0000 238.0000 23.8000 0.0000 9.9085 2.0000 
502 503 284 4.2636 2.0180 -6.1511 4.2281 2.0349 -6.1908 0.0557 0.0559 238.0000 23.8000 0.0000 10.0000 2.0000 
503 504 285 5.2167 1.8461 -5.7662 4.8337 2.7698 -5.7740 0.0482 1.0000 238.0000 23.8000 0.0000 9.7837 2.0000 
504 505 285 4.8337 2.7698 -5.7740 4.7686 2.9267 -5.7733 0.0482 0.1699 238.0000 23.8000 0.0000 10.0000 2.0000 
505 506 286 5.5988 1.9532 -6.1039 5.8219 1.1967 -6.2952 0.0512 0.8116 238.0000 23.8000 0.0000 10.0000 2.0000 
506 507 287 5.8950 2.0453 -6.3857 5.4939 1.9900 -6.8045 0.0450 0.5825 238.0000 23.8000 0.0000 10.0000 2.0000 
507 508 288 6.2981 2.1705 -6.7904 5.9170 2.6363 -6.8997 0.0543 0.6117 238.0000 23.8000 0.0000 10.0000 2.0000 
508 509 289 6.5959 2.2617 -7.0833 6.7644 1.8137 -7.0554 0.0449 0.4795 238.0000 23.8000 0.0000 10.0000 2.0000 
509 510 290 6.9392 2.3598 -7.4423 6.7277 2.4343 -7.5365 0.0479 0.2432 238.0000 23.8000 0.0000 10.0000 2.0000 
510 511 291 7.2866 2.4622 -7.8096 7.2942 2.6315 -7.8142 0.0462 0.1695 238.0000 23.8000 0.0000 10.0000 2.0000 
511 512 292 7.6231 2.5648 -8.1798 7.6232 2.5644 -8.1799 0.0445 0.0004 238.0000 23.8000 0.0000 10.0000 2.0000 
